iterator = 100

organize_plus_weather

loss: 0.1259979065134894
mse: 0.01587547244578202
sse: 23.241691660624877

organize

loss: 0.12054915055377721
mse: 0.014532097699237245
sse: 21.274991031683328

original

loss: 0.11608151808068802
mse: 0.013474918839917098
sse: 19.72728118163863

iterator = 1000

organize_plus_weather


organize


original

loss: 0.10490114320778646
mse: 0.011004249846300522
sse: 16.110221774983962